1 2 1
1 5 1
1 3 2
1 7 2
1 6 2
1 9 2
2 1 1
2 3 1
2 6 1
2 7 1
2 4 2
2 5 2
2 8 2
2 9 2
2 11 2
3 2 1
3 4 1
3 1 2
3 6 2
3 7 2
3 8 2
4 3 1
4 7 1
4 8 1
4 2 2
4 6 2
4 11 2
4 12 2
5 1 1
5 6 1
5 9 1
5 2 2
5 7 2
5 10 2
6 2 1
6 5 1
6 7 1
6 9 1
6 1 2
6 3 2
6 4 2
6 8 2
6 10 2
6 11 2
7 2 1
7 4 1
7 6 1
7 8 1
7 11 1
7 1 2
7 3 2
7 5 2
7 9 2
7 10 2
7 12 2
8 4 1
8 7 1
8 12 1
8 2 2 
8 3 2
8 6 2
8 11 2
9 5 1
9 6 1
9 10 1
9 1 2
9 2 2
9 7 2
9 11 2
10 9 1
10 11 1
10 5 2
10 6 2
10 7 2
10 12 2
11 7 1
11 10 1
11 12 1
11 2 2
11 4 2
11 6 2
11 8 2
11 9 2
12 8 1
12 11 1
12 4 2
12 7 2
12 10 2
 