0 1 1
0 2 1
0 3 2
0 4 2
0 20 2
1 0 1
1 4 1
1 20 1
1 2 2
1 3 2
1 11 2
1 19 2
2 0 1
2 3 1
2 1 2
2 4 2
2 5 2
2 6 2
3 2 1
3 4 1
3 5 1
3 6 1
3 0 2
3 1 2
3 8 2
3 11 2
4 1 1
4 3 1
4 11 1
4 0 2
4 2 2
4 5 2
4 6 2
4 10 2
4 15 2
4 20 2
5 3 1
5 8 1
5 11 1
5 2 2
5 4 2
5 6 2
5 7 2
5 9 2
5 10 2
5 15 2
6 3 1
6 8 1
6 2 2
6 4 2
6 5 2
6 7 2
6 9 2
7 8 1
7 5 2
7 6 2
7 9 2
8 5 1
8 6 1
8 7 1
8 9 1
8 3 2
8 10 2
8 11 2
8 12 2
9 8 1
9 10 1
9 12 1
9 5 2
9 6 2
9 7 2
9 11 2
9 13 2
10 9 1
10 11 1
10 12 1
10 4 2
10 5 2
10 8 2
10 13 2
10 15 2
11 4 1
11 5 1
11 10 1
11 15 1
11 1 2
11 3 2
11 8 2
11 9 2
11 12 2
11 13 2
11 16 2
11 17 2
11 19 2
12 9 1
12 10 1
12 13 1
12 8 2 
12 11 2
12 14 2
12 15 2
13 12 1
13 14 1
13 15 1
13 9 2
13 10 2
13 11 2
13 16 2
13 17 2
13 19 2
14 13 1
14 12 2
14 15 2
15 11 1
15 13 1
15 16 1
15 17 1
15 19 1
15 4 2
15 5 2
15 10 2
15 12 2
15 14 2
15 18 2
15 20 2
16 15 1
16 17 1
16 11 2
16 13 2
16 18 2
16 19 2
17 15 1
17 16 1
17 18 1
17 19 1
17 11 2
17 13 2
17 20 2
18 17 1
18 15 2
18 16 2
18 19 2
19 15 1
19 17 1
19 20 1
19 1 2
19 11 2
19 13 2
19 16 2
19 18 2
20 1 1
20 19 1
20 0 2
20 4 2
20 15 2
20 17 2
