1 2 1
1 7 1
1 8 1
1 3 2
1 9 2
1 10 2
2 1 1
2 3 1
2 8 1
2 10 1
2 4 2
2 7 2
2 9 2
2 11 2
3 2 1
3 4 1
3 11 1
3 1 2
3 5 2
3 8 2
3 10 2
3 12 2
4 3 1
4 5 1
4 11 1
4 2 2
4 6 2
4 10 2
4 12 2
5 4 1
5 6 1
5 3 2 
5 11 2
5 12 2
6 5 1
6 12 1
6 4 2
6 11 2
7 1 1
7 8 1
7 2 2
7 9 2
8 1 1
8 2 1
8 7 1
8 9 1
8 3 2
8 10 2
9 8 1
9 10 1
9 1 2
9 2 2
9 7 2
9 11 2
10 2 1
10 9 1
10 11 1
10 1 2
10 3 2
10 4 2
10 8 2
10 12 2
11 3 1
11 4 1
11 10 1
11 12 1
11 2 2
11 5 2
11 6 2
11 9 2
12 6 1
12 11 1
12 3 2
12 4 2
12 5 2
12 10 2